[3, 1, 4, 2]
[1, 3, 5, 2, 4]
[4, 1, 5, 2, 6, 3]
[4, 1, 5, 2, 6, 3, 7]
[3, 6, 2, 7, 1, 4, 8, 5]
[1, 5, 7, 2, 6, 3, 9, 4, 8]
[7, 5, 3, 9, 6, 10, 2, 4, 1, 8]
[8, 2, 9, 7, 10, 4, 1, 5, 11, 6, 3]
[5, 7, 12, 10, 3, 1, 6, 2, 9, 11, 8, 4]
[7, 3, 12, 9, 2, 8, 11, 4, 1, 13, 5, 10, 6]
[4, 7, 11, 2, 12, 1, 9, 14, 6, 3, 10, 8, 13, 5]
[5, 2, 13, 7, 4, 15, 3, 9, 14, 12, 8, 1, 11, 6, 10]
[12, 16, 11, 4, 7, 1, 13, 9, 2, 6, 15, 3, 10, 8, 14, 5]
[2, 10, 14, 16, 4, 1, 7, 13, 15, 6, 8, 3, 5, 12, 17, 9, 11]
[6, 4, 13, 5, 17, 9, 11, 2, 15, 18, 1, 7, 10, 12, 14, 16, 8, 3]
[12, 2, 9, 16, 10, 4, 11, 1, 17, 19, 5, 7, 14, 3, 6, 8, 13, 15, 18]
[17, 9, 14, 12, 2, 20, 6, 1, 10, 13, 3, 16, 19, 8, 5, 11, 4, 7, 15, 18]
[20, 17, 13, 6, 2, 14, 18, 7, 3, 1, 15, 12, 9, 4, 16, 21, 10, 5, 11, 8, 19]
[14, 11, 8, 5, 15, 21, 1, 20, 12, 2, 6, 19, 13, 22, 17, 3, 16, 7, 10, 4, 9, 18]
[20, 7, 19, 4, 8, 10, 21, 15, 18, 5, 22, 6, 12, 16, 11, 3, 14, 2, 17, 9, 13, 23, 1]
[16, 5, 17, 4, 24, 10, 2, 15, 19, 12, 23, 3, 22, 11, 21, 14, 1, 6, 8, 13, 20, 18, 9, 7]
[24, 15, 4, 19, 11, 6, 12, 18, 25, 22, 3, 21, 16, 7, 9, 23, 13, 2, 17, 8, 1, 5, 20, 14, 10]